88.478
46.235
125.328
19.547
114.53
80.135
92.394
67.133
89.891
111.363
70.733
92.898
81.299
74.775
64.402
77.545
66.173
53.097
121.072
66.505
18.401
86.688
16.853
9.827
20.235
19.759
14.781
14.824
26.526
77.37
38.918
71.176
42.745
54.656
71.221
86.131
5.583
9.62
23.226
16.109
16.597
14.966
14.007
21.549
12.991
13.085
22.655
9.875
14.46
16.67
9.586
18.095
18.279
14.198
15.973
8.34
18.494
14.059
2.537
4.424
2.218
5.903
4.965
2.799
18.025
12.44
10.48
12.673
10.129
61.293
14.255
17.682
9.764
14.153
20.142
16.713
17.343
12.526
60.498
63.383
74.919
66.742
40.955
50.259
64.828
73.389
40.269
61.156
106.649
59.385
68.048
106.607
55.962
26.864
48.894
70.209
9.662
2.679
7.158
3.811
68.652
50.651
